image: MAP_RUN2.pgm
resolution: 0.050000
origin: [-3.378485, -1.700572, 0.000000]
negate: 0
occupied_thresh: 0.65
free_thresh: 0.196

