# oST version 5.0 parameters


[image]

width
1280

height
960

[narrow_stereo]

camera matrix
1021.241625 0.000000 643.249790
0.000000 1021.558544 492.310159
0.000000 0.000000 1.000000

distortion
0.249185 -0.392401 -0.004728 0.000845 0.000000

rectification
1.000000 0.000000 0.000000
0.000000 1.000000 0.000000
0.000000 0.000000 1.000000

projection
1060.462524 0.000000 643.847705 0.000000
0.000000 1061.355957 488.356124 0.000000
0.000000 0.000000 1.000000 0.000000
